deskbell:24.02;228.73460816774343;0.07333333333333333;11.0389174353705;0.0245263671875;965.3910208551433;11.995695961458734;
deskbell:5.69;127.03610632351477;0.06;6.557451670090544;0.030595703125;736.1639797231447;9.80534144981572;
deskbell:8.21;126.31873854352932;0.06;8.702879783067534;0.0328759765625;621.023826959986;9.781079744444574;
deskbell:5.72;121.42455500449574;0.039999999999999994;7.331263742855158;0.01771484375;480.2650895940102;6.515415116403972;
deskbell:12.0;181.7713820405166;0.08666666666666666;11.024614838352125;0.0378662109375;888.04352984851;14.12322872860177;
deskbell:9.7;154.28158980767074;0.08666666666666666;11.193925984704128;0.04615234375;794.9734634511478;14.121432922918459;
deskbell:8.88;139.36911532321034;0.07333333333333333;8.502607544754268;0.0384228515625;1003.6491676273436;11.956991927950982;
deskbell:9.36;158.96099354553522;0.06666666666666667;8.624715385893023;0.0291943359375;1002.511108828091;10.899419866266014;
deskbell:28.56;231.1042702788031;0.12666666666666662;12.884931911363886;0.063681640625;1617.8389625223238;20.70599949902893;
deskbell:11.41;126.41142311404639;0.06;7.759043348821153;0.0339111328125;539.8708446512932;9.776056728624916;
deskbell:8.88;129.87910201652303;0.05333333333333333;6.877940452053663;0.0263134765625;617.0875004881694;8.701891334624698;
fax:165.48;158.91626868764178;0.15333333333333327;12.009099950584993;0.0719384765625;2799.5594745500166;24.35227694559098;
fax:134.67;173.78653466212046;0.17999999999999997;10.320457964837553;0.0765869140625;3242.341487093824;28.597664899613086;
fax:93.12;104.54954703692798;0.10666666666666665;14.938082276075852;0.05849609375;1966.8493570266512;16.876733356265046;
fax:229.78;177.39856989297735;0.2;21.344813659343572;0.1525634765625;3745.611283469261;31.67296831483475;
fax:130.82;98.11296817546474;0.2266666666666667;14.996857646303503;0.171552734375;4109.933098681679;35.75025952678328;
fax:193.06;101.98157787184222;0.18666666666666665;20.353001658874497;0.130732421875;3299.6366284360165;29.506784830382045;
fax:131.73;168.22690896746343;0.17333333333333328;9.040421072247975;0.076005859375;3177.3249925602854;27.576208346864004;
keyboard:2.85;55.73234068039747;0.05333333333333333;13.441828588254268;0.015849609375;847.6320039745955;8.40331283093675;
keyboard:2.77;49.86038512279626;0.04666666666666666;12.05913101736033;0.01244140625;800.8293264014745;7.357317690534927;
keyboard:7.75;63.915083225354685;0.06;15.139358005368862;0.0276318359375;976.029852933668;9.538049329314951;
keyboard:4.24;62.901576194593865;0.06;15.39195381806732;0.03330078125;990.1860618077183;9.50280565258509;
keyboard:25.86;62.16911902208157;0.08666666666666666;15.318767451079482;0.0613232421875;1494.648993233488;13.5825909880317;
keyboard:92.34;73.79586632578388;0.13333333333333328;10.55565115731061;0.0946435546875;2431.509406725819;20.832253943166176;
keyboard:12.43;58.926140700627144;0.05333333333333333;14.802845655768246;0.0306201171875;1025.3739910590862;8.420249002019872;
keyboard:23.49;62.987478417201025;0.08;16.459238836162907;0.047294921875;1476.9769659328747;12.536036797736621;
keyboard:125.26;76.15438620265604;0.19333333333333333;16.042390493435164;0.122490234375;3351.249958810163;30.084782825715948;
keyboard:27.34;63.24596483888945;0.08666666666666666;16.56235691044463;0.0534716796875;1437.7086191443025;13.582377842618865;
keyboard:49.96;69.65979627126117;0.09999999999999998;15.886927801349502;0.0771435546875;1861.3443181923847;15.7052136119845;
officedoor:2.83;58.273136190527765;0.05333333333333333;15.135140807622106;0.01552734375;974.9707902640399;8.402369654154837;
officedoor:21.24;62.85668666468082;0.05333333333333333;11.896673191352127;0.0220849609375;989.5944795435425;8.458082743826681;
officedoor:55.74;98.08976210632072;0.1133333333333333;18.011104844350527;0.03798828125;2188.001198257941;17.661422910146772;
officedoor:6.03;62.447411169933964;0.05333333333333333;12.093385218849157;0.015009765625;939.5214403762097;8.445758531877729;
officedoor:23.73;63.82456075469836;0.08666666666666666;16.019358362804073;0.0398486328125;1525.1081816314004;13.58879942914504;
officedoor:25.39;64.25498503077478;0.08666666666666666;15.5789460496228;0.0516162109375;1587.800830160143;13.59590049146616;
officedoor:17.07;72.19872437202147;0.06666666666666667;11.991216027091632;0.020673828125;1137.4420117912287;10.559684350774301;
officedoor:5.11;60.19463840608539;0.05333333333333333;13.18861964649475;0.020400390625;835.882581307083;8.422781482964478;
officedoor:9.55;67.3848476342895;0.06666666666666667;15.389458158908173;0.017294921875;1152.3054829540395;10.52686737708514;
officedoor:182.86;166.95855026592736;0.2733333333333335;10.382410050266312;0.20388671875;4961.368822798452;42.87401613948398;
officedoor:20.63;64.57496326816107;0.08;16.727066008687466;0.049140625;1325.8577596833559;12.559335084669353;
phone:113.28;360.5149727799723;0.2;29.33845998435022;0.1145849609375;3804.526212810772;31.23510440856767;
phone:52.29;218.88405795358133;0.10666666666666665;24.730413876061057;0.0462939453125;1808.9622198340137;16.7581719712356;
phone:159.57;160.61960045838458;0.2600000000000001;20.998589615068326;0.168212890625;4450.994990088558;40.53624861144963;
phone:43.5;114.35732133838292;0.1133333333333333;12.147633674588814;0.0617041015625;2025.4263569861575;17.80484179756495;
phone:18.7;69.6596084943008;0.07333333333333333;11.468184399816431;0.0383544921875;1232.0263855665005;11.594855330414326;
phone:120.62;136.2506388709602;0.08666666666666666;7.462850885709479;0.0563623046875;1523.0315697593865;13.77679219693486;
phone:123.73;127.56022084104002;0.08666666666666666;5.731882185903299;0.05513671875;1563.2758218252984;13.802104935396384;
phone:3.4;63.46546924119957;0.05333333333333333;13.831288785896923;0.012841796875;825.9803246828901;8.394224445417818;
phone:18.91;715.984220694627;0.08666666666666666;82.29880143078418;0.0314013671875;1524.9379708288836;13.891272624734272;
phone:3.3;52.624831290767816;0.04666666666666666;10.69139099180844;0.0174072265625;793.9399822479525;7.375289760787117;
phone:28.82;64.89900571628851;0.08;16.078838944950107;0.0679833984375;1298.3998278416384;12.621546549570844;
phone:3.23;56.96359955559891;0.04666666666666666;11.738742241862234;0.0072705078125;785.4291406093755;7.3534912084247335;
phone:23.86;144.7393003197627;0.06;14.35797942398133;0.0180859375;1009.2813888295475;9.552136077660052;
phone:91.22;210.77385494136558;0.15333333333333327;21.554605957788596;0.09662109375;2881.0740938512927;23.932417614734703;
printer:167.98;177.21425876995517;0.24000000000000007;9.547640397883734;0.1814599609375;4311.091679295821;37.8350749827993;
printer:145.91;203.49146240498766;0.24666666666666676;11.618123148921411;0.1056640625;4464.064114188578;38.92894500605279;
printer:90.55;479.02469403710376;0.1466666666666666;16.886104564805937;0.0657763671875;2559.6536652410127;23.40013389931299;
printer:17.17;65.52538790819386;0.05333333333333333;10.915612921247254;0.0239501953125;897.1483066398771;8.477296540493375;
printer:160.75;204.34282028586108;0.24000000000000007;13.08231735047533;0.1991162109375;4271.58866796316;37.84413620514834;
printer:181.72;295.5953191412675;0.2733333333333335;61.68064121954107;0.2137646484375;4554.436697816979;42.878748836565755;
printer:191.3;325.541249784738;0.28000000000000014;73.59711513490828;0.2196923828125;4813.331378003683;43.97748247125381;
printer:39.78;89.38762639514017;0.06;9.179900829965089;0.0437353515625;924.4519338608198;9.58604298246338;
printer:165.68;84.21530779003565;0.17999999999999997;16.32396463539259;0.1472314453125;3014.81875995622;28.232328926865303;
printer:32.03;75.03739376993772;0.08666666666666666;12.4555086189325;0.0440625;1455.1801228733948;13.593593275171763;